41.48049,2.594076,12.60084,24.81074,24.50218,24.65,21.86112,19.87774,28.76404,28.62872,30.82889,26.85657,23.25571,15.65909,25.12841,24.06444,24.13283,23.50504,23.64812,17.32366,14.91955,22.74288,20.00535,13.9035,15.52344,12.84609,38.45311,38.68127,35.66096,20.41088,21.0129,20.49756,24.75766,25.42681,20.21963,19.18185,25.20291,22.73435,20.43997,21.06414,19.67015,19.7354,20.87425,9.13509,8.199292,8.123547,26.15491,23.486,20.38759,23.48611,24.65,25.29467,18.22559,17.89232,16.92249,27.1983,30.685,29.12094,16.96368,30.57837,16.31782,15.95025,16.28854,15.98003,15.94393,15.19362,16.13571,14.52899,16.37178,15.01245,19.17044,27.83901,18.55913,28.63436,19.26863,16.55894,19.38404,17.27339,19.44334,10.53516,19.52386,12.19759,19.67109,36.5805,19.34536,17.78412,18.95794,16.47749,18.7366,17.80604,17.4494,17.28052,18.17474,16.04681,30.44034,17.05362,10.69789,31.35719,18.36262,15.30688,27.7843,28.83727,17.97528,21.66269,27.34938,29.25235,17.80623,20.93328,28.42586,27.86328,17.1559,19.76971,29.44236,32.08076,16.80645,20.94015,29.04422,16.81781,16.52128,31.24054,16.16342,16.14494,28.287,16.73954,28.93173,19.15068,18.6583,30.08806,18.59396,19.26311,30.38276,18.6431,28.3958,18.85323,18.75038,17.76941,18.55279,19.07986,18.88244,18.78155,17.55112,19.81979,18.04225,18.7199,17.21904,17.4692,17.43448,17.67126,17.54139,15.84593,15.55759,16.55559,15.42513,16.12616,17.39362,17.8935,17.019,17.61278,17.51202,17.4038,17.73014,17.24135,18.37046,18.18535,17.78196,18.22311,18.05066,9.603654,12.49963,19.30546,19.46934,21.06758,20.04995,17.01821,13.05573,35.66163,33.6446,33.83788,9.449818,35.07362,30.79645,30.12133,32.78741,32.39228,30.48737,31.17718,30.99785,24.89809,29.91046,29.13102,29.1948,31.96304,31.7859,30.70088,31.03271,36.49216,35.36623,37.42992,36.24862,35.55528,28.02994,30.33791,27.67023,25.83368,27.67949,27.05181,26.52205,32.70902,32.6737,15.43662,17.78702,17.58579,16.90779,17.82436,18.12095
2.594076,35.52277,10.40162,24.1657,23.85714,24.00496,20.31938,18.336,27.22231,27.08699,29.28715,25.31483,21.71398,18.25316,26.63766,25.57369,25.64207,25.01429,23.75978,15.78193,13.37782,21.20115,18.46361,12.36177,13.9817,11.30436,36.91138,37.13954,34.11923,19.17566,21.17846,20.66313,23.21593,23.88508,18.67789,17.64012,23.66117,21.19262,21.94921,22.57339,21.17939,21.24032,22.3835,7.593355,6.657558,6.581813,25.50986,21.94426,18.84585,21.94438,23.10826,23.75294,20.18319,19.88621,18.82497,25.65656,29.14326,28.47589,16.75885,29.03663,16.98846,14.40852,16.93153,14.43829,16.58691,13.65189,16.46448,12.98726,17.28625,13.47071,18.00673,27.19397,17.69156,27.98932,18.83691,16.40141,18.84956,15.73166,18.76833,8.993423,18.84884,10.65586,18.51872,35.03876,18.11013,16.24238,17.72271,14.93576,17.30307,16.26431,15.90767,15.73878,16.63301,14.50508,32.39795,15.51189,11.31867,33.3148,17.24769,17.90095,26.24257,31.43135,17.14548,23.62029,25.80765,31.20995,16.2645,22.89088,26.88413,30.45736,15.61417,21.72731,27.90062,34.03837,15.26471,22.89775,27.50248,15.27608,14.97955,29.6988,14.62169,14.6032,26.74526,15.19781,29.86945,19.79316,19.08009,30.03019,19.78223,18.59444,30.32488,17.96809,29.33352,18.33536,18.85415,17.95801,18.96708,18.83546,19.59259,19.55696,16.82738,18.27806,16.50052,17.17817,15.67731,15.92747,16.58653,16.64824,16.17294,14.3042,14.01586,15.01385,13.8834,14.58442,16.24045,16.35177,15.47726,16.07104,15.97029,15.86207,16.18841,15.69962,17.94125,17.51034,17.10695,17.5481,17.37565,12.19773,15.0937,21.89953,22.06342,23.66166,22.64402,19.61229,15.64981,37.61923,35.6022,35.79548,12.04389,37.03122,32.75405,32.07893,34.74501,34.34988,32.44497,33.13478,32.95546,27.49217,32.50454,31.08862,31.1524,33.92064,33.7435,33.29496,33.62679,38.44976,37.32383,39.38752,38.20622,37.51289,30.62401,32.93199,30.2643,28.42776,30.27357,29.00941,28.47965,34.66662,34.6313,18.03069,17.11835,16.04406,15.36606,16.28263,17.45228
12.60084,10.40162,36.38235,25.97474,25.66618,25.814,22.12843,20.14505,29.03135,28.89603,31.0962,27.12388,23.52302,28.10013,28.4467,27.38273,27.45112,26.82333,25.56883,17.59098,15.18686,23.01019,20.27266,18.27962,19.50157,17.22221,38.72042,38.94859,35.92828,20.9847,22.9875,22.47217,25.02497,25.69412,20.48693,19.44917,25.47022,23.00166,23.75826,24.38243,22.98844,23.04936,24.19254,8.480012,8.621246,6.805519,27.31891,23.75331,20.6549,23.75342,24.91731,25.56198,21.99223,21.69525,20.63402,27.46561,30.95231,30.28494,18.5679,30.84568,18.7975,16.21756,18.74058,16.24734,18.39596,15.46093,18.27352,14.7963,19.09529,15.27976,19.81577,29.00301,19.5006,29.79836,20.64596,20.08529,20.65861,19.6095,20.57738,10.80247,20.65789,12.46491,20.32776,36.84781,19.91918,18.05143,19.53176,16.7448,19.11211,18.07335,17.71671,17.54783,18.44206,16.31412,34.20699,17.32093,17.4727,35.12384,19.05673,21.99779,28.05161,37.73899,18.95452,25.42933,27.6167,33.019,18.07354,24.69992,28.69318,36.765,17.42321,23.53636,29.70967,35.84741,17.07376,24.7068,29.31153,17.08512,16.78859,31.50785,16.43073,16.41225,28.55431,17.00685,31.67849,21.60221,20.88914,31.83923,21.59127,20.40349,32.13393,19.77714,31.14256,20.14441,20.6632,19.76706,20.77612,20.6445,21.40164,21.36601,18.63643,20.0871,18.30956,18.98722,17.48635,17.73651,18.39558,18.45728,17.98198,16.11324,15.8249,16.8229,15.69244,16.39347,18.0495,18.16081,17.28631,17.88009,17.77934,17.67112,17.99745,17.50866,19.7503,19.31939,18.91599,19.35714,19.1847,18.70495,21.40134,28.20717,28.37106,29.9693,28.95166,29.45925,25.49677,39.42827,37.41124,37.60452,21.89086,38.84027,34.56309,33.88798,36.55405,36.15893,34.25401,34.94382,34.7645,33.7998,38.81218,32.89766,32.96144,35.72969,35.55254,39.6026,39.93443,40.25881,39.13288,41.19656,40.01527,39.32193,36.93165,39.23963,36.57194,34.7354,36.5812,30.81846,30.28869,36.47567,36.44035,24.33834,18.92739,17.85311,17.1751,18.09167,19.26133
24.81074,24.1657,25.97474,3.802416,0.3085574,1.476182,7.327367,7.498465,16.91092,18.32782,20.52799,11.19225,10.55047,28.41904,13.19308,12.12911,12.06978,11.56971,5.791941,16.58347,14.89114,13.60968,17.05142,16.20561,14.5603,17.07113,22.78529,23.01345,21.04888,5.777527,5.475682,5.859167,9.301279,9.970431,11.08643,11.06813,12.49767,11.86135,8.504638,8.862742,7.734815,7.795741,8.938924,18.44082,19.63936,19.69212,5.659583,16.69575,18.32268,16.74212,15.5168,16.83301,9.326268,9.104491,7.968053,14.49306,14.99753,8.515999,8.73982,14.89089,10.01121,15.00831,9.112376,14.5128,9.456995,15.53389,9.829146,15.98855,10.3367,15.47119,7.109362,7.252288,7.131814,8.04764,7.139781,12.72954,7.578469,14.3963,7.899314,16.86926,8.163832,16.00169,7.401049,24.86463,6.055559,10.42566,6.560051,12.42242,6.95711,12.07251,12.76992,12.54216,13.49526,13.25675,21.54103,11.68702,17.38517,22.45788,12.03698,11.19931,12.11935,26.01295,12.83632,12.76337,11.68443,20.35303,13.12675,12.03396,12.76091,26.30816,10.54688,10.87039,13.7774,23.18145,9.835976,12.04083,13.37926,11.2971,14.45637,15.57272,10.77654,14.29647,12.62204,11.37294,10.01917,7.042924,9.726636,10.17991,7.392856,9.622078,10.4746,8.831718,9.48324,9.198986,8.681453,8.604555,8.665856,8.256909,8.059491,7.958596,8.662352,6.819549,8.108855,7.910897,9.285337,9.275826,8.866133,9.246142,8.861447,10.56244,10.14984,11.39302,10.67527,9.58127,9.720394,10.01072,10.63292,10.26126,10.0979,10.25865,10.14618,8.630537,8.587796,7.836329,7.77846,7.355148,7.901029,19.68005,13.8574,21.82129,21.98518,23.58342,22.56578,30.30775,25.81569,26.76231,24.74528,23.75469,22.22382,26.1743,21.89713,21.22202,23.88809,23.49296,21.58805,22.27786,22.09853,26.0837,31.63107,18.60197,19.59621,22.55112,22.88658,31.60243,32.18611,27.59285,26.46691,28.5306,27.3493,26.65596,24.70522,29.05841,26.94818,24.55418,26.68572,18.15249,17.62273,20.54895,21.5407,17.95246,8.344682,9.39259,9.463146,8.406403,8.479919
24.50218,23.85714,25.66618,0.3085574,7.950641,1.636189,7.01881,7.189908,16.60237,18.01927,20.21943,10.88369,10.24192,28.11049,12.88453,11.82055,11.76122,11.26115,5.483384,16.27491,14.58258,13.30112,16.74286,15.89705,14.25175,16.76258,22.47673,22.7049,20.74032,5.468969,5.167124,5.55061,8.992722,9.661873,10.77787,10.75958,12.18911,11.55279,8.19608,8.554184,7.426258,7.487183,8.630366,18.13226,19.3308,19.38356,5.351026,16.38719,18.01412,16.43356,15.20824,16.52445,9.017711,8.795934,7.659495,14.1845,14.68897,8.207441,8.431264,14.58234,9.702648,14.69975,8.80382,14.20424,9.148438,15.22533,9.52059,15.68,10.02814,15.16263,6.800804,6.94373,6.823257,7.739083,6.831223,12.42099,7.269911,14.08774,7.590756,16.5607,7.855274,15.69313,7.092491,24.55607,5.747002,10.1171,6.251493,12.11386,6.648552,11.76395,12.46136,12.2336,13.1867,12.94819,21.23247,11.37846,17.07661,22.14932,11.72842,10.89076,11.81079,25.70439,12.52777,12.45481,11.37587,20.04448,12.81819,11.7254,12.45235,25.9996,10.23833,10.56183,13.46884,22.87289,9.527418,11.73227,13.0707,10.98854,14.14782,15.26416,10.46798,13.98791,12.31348,11.06438,9.710612,6.734367,9.418079,9.871352,7.084299,9.31352,10.16605,8.523161,9.174684,8.890429,8.372894,8.295997,8.357299,7.948352,7.750933,7.650038,8.353794,6.510992,7.800299,7.60234,8.976781,8.967267,8.557576,8.937585,8.552891,10.25388,9.84128,11.08446,10.36671,9.272712,9.411838,9.702163,10.32436,9.952701,9.789345,9.95009,9.837619,8.32198,8.279239,7.527771,7.469903,7.04659,7.592471,19.37149,13.54884,21.51274,21.67662,23.27486,22.25723,29.99919,25.50713,26.45375,24.43672,23.44613,21.91526,25.86575,21.58857,20.91346,23.57953,23.18441,21.27949,21.9693,21.78998,25.77515,31.32251,18.29341,19.28765,22.24257,22.57802,31.29387,31.87756,27.28429,26.15835,28.22204,27.04074,26.34741,24.39666,28.74986,26.63962,24.24563,26.37716,17.84393,17.31417,20.24039,21.23214,17.6439,8.036124,9.084033,9.15459,8.097845,8.171363
24.65,24.00496,25.814,1.476182,1.636189,31.91721,7.166631,7.337729,16.75019,18.16709,20.36725,11.03152,10.38974,28.25831,13.03235,11.96838,11.90904,11.40897,5.631205,16.42273,14.7304,13.44894,16.89068,16.04487,14.39957,16.9104,22.62456,22.85272,20.88814,5.616791,5.314946,5.698431,9.140543,9.809694,10.92569,10.9074,12.33693,11.70061,8.343902,8.702006,7.574079,7.635004,8.778188,18.28008,19.47862,19.53138,5.443942,16.53501,18.16194,16.58138,15.35606,16.67227,9.165532,8.943754,7.807316,14.33232,14.83679,8.300358,8.579084,14.73016,9.85047,14.84757,8.95164,14.35206,9.296259,15.37315,9.66841,15.82782,10.17597,15.31045,6.948625,7.036647,6.971078,7.831999,6.979044,12.56881,7.417733,14.23556,7.738578,16.70852,8.003096,15.84095,7.240312,24.70389,5.894823,10.26493,6.399314,12.26168,6.796373,11.91177,12.60918,12.38142,13.33453,13.09601,21.38029,11.52628,17.22443,22.29714,11.87624,11.03858,11.95861,25.85221,12.67559,12.60263,11.52369,20.1923,12.96601,11.87322,12.60017,26.14742,10.38615,10.70965,13.61666,23.02071,9.67524,11.88009,13.21852,11.13636,14.29564,15.41198,10.6158,14.13573,12.4613,11.2122,9.80353,6.882188,9.5659,9.964269,7.23212,9.461342,10.25896,8.670982,9.2676,9.03825,8.520717,8.443818,8.505119,8.096173,7.898755,7.79786,8.501616,6.658813,7.94812,7.750161,9.124601,9.115088,8.705397,9.085406,8.700711,10.4017,9.9891,11.23228,10.51453,9.420533,9.559658,9.849984,10.47218,10.10052,9.937166,10.09791,9.985439,8.469801,8.42706,7.675592,7.617724,7.194412,7.740292,19.51931,13.69666,21.66056,21.82444,23.42268,22.40505,30.14701,25.65495,26.60157,24.58455,23.53905,22.06308,26.01357,21.73639,21.06128,23.72736,23.33223,21.42731,22.11712,21.9378,25.92297,31.47033,18.38633,19.38057,22.33549,22.72584,31.44169,32.02538,27.43211,26.30617,28.36986,27.18856,26.49523,24.54448,28.89768,26.78744,24.39345,26.52498,17.99175,17.46199,20.33331,21.32506,17.79172,8.183945,9.231853,9.30241,8.245666,8.319183
21.86112,20.31938,22.12843,7.327367,7.01881,7.166631,27.37043,3.529927,12.94238,14.35929,16.55945,7.423646,6.581935,25.49557,11.29711,10.23314,10.30152,9.673734,6.936658,12.61932,10.92721,9.641143,13.08288,12.35954,10.71399,13.28953,19.02019,19.24835,17.28091,3.741422,4.677689,4.162355,5.324739,5.99389,7.117888,7.099596,8.529133,7.892809,6.608662,7.232833,5.838839,5.899765,7.042948,14.59451,15.79305,15.84581,8.686735,12.72721,14.35414,12.77358,11.54826,12.86447,7.338671,7.041689,5.980456,10.52452,11.25208,11.63757,5.226167,11.14545,6.497552,11.04438,5.598722,10.54887,5.943341,11.56996,6.315493,12.02463,6.823048,11.50726,3.932152,10.37084,3.751296,11.16619,4.762335,9.215889,5.484117,10.82193,4.99708,13.02295,5.266118,12.03776,4.44414,20.89609,4.013272,6.457124,3.648133,8.576107,3.27948,8.108583,8.923609,8.578228,9.648951,9.292821,19.55343,7.840708,14.4617,20.47028,8.523328,9.081754,8.351378,24.02535,9.322669,10.77577,7.916462,18.36543,9.280437,10.04636,8.992942,24.32056,6.700572,8.882793,10.00943,21.19385,5.989665,10.05323,9.611293,7.584616,10.48784,11.80762,6.930228,10.33254,8.854074,7.526629,13.04632,5.133471,6.235575,13.20706,5.483402,6.108424,13.50176,5.318065,12.51039,5.685332,6.009636,5.113494,6.122561,5.990939,6.150037,6.049142,4.919896,2.912631,4.262545,4.00398,5.439027,5.448211,5.352479,5.732488,5.172934,6.716125,6.303525,7.546706,6.82896,5.734958,6.206741,6.36807,7.119265,6.643409,6.455252,6.29472,6.182248,4.784226,5.096735,4.345268,4.264806,3.901487,4.387375,16.75658,11.0153,18.97919,19.14308,20.74132,19.72368,27.38428,22.89222,24.77471,22.75768,22.95096,19.30035,24.18671,19.90953,19.23442,21.90049,21.50537,19.60045,20.29026,20.11094,24.09611,29.5842,18.2441,18.30788,21.07612,20.89898,29.61483,30.19851,25.60525,24.47931,26.543,25.3617,24.66837,22.71762,27.07082,24.96058,22.56659,24.69812,16.1649,15.63513,21.8221,21.78678,15.11036,4.831028,5.546279,5.616836,4.663947,4.966266
19.87774,18.336,20.14505,7.498465,7.189908,7.337729,3.529927,18.37018,9.948712,11.36561,13.56578,8.525379,3.588264,24.47407,11.46058,10.39661,10.46499,9.837203,7.104828,9.089391,7.399673,6.111216,9.552953,10.44734,8.801793,11.37733,20.12192,20.35008,15.99352,3.904892,4.841158,4.325824,6.426471,7.095623,3.58796,3.569669,5.53546,4.362881,6.772132,7.396302,6.002308,6.063234,7.206417,12.61113,13.80967,13.86243,8.854904,9.19728,10.82421,9.24365,8.018334,9.334541,7.346988,7.050007,5.988773,7.530849,12.35381,11.80867,4.21876,12.24718,5.476046,7.519783,4.577217,7.024273,4.921835,8.045367,5.293987,8.50003,5.801542,7.982664,4.059421,10.53901,3.759614,11.33436,4.889604,8.194384,5.611385,8.909728,5.124348,11.03957,5.393387,8.510224,4.571409,17.90242,4.140541,2.927197,3.775401,5.603145,3.371123,4.583987,7.016938,5.053632,7.74228,5.768224,19.56175,6.04594,13.4402,20.4786,7.491749,8.704041,9.453112,24.03366,8.254747,10.78409,9.018195,18.37375,7.373767,10.05468,10.09467,24.32888,5.0066,8.891111,11.11117,21.20217,4.295692,10.06155,10.71303,5.81013,6.95791,12.90935,5.155742,6.805002,9.955807,5.731862,13.21449,5.29694,6.243893,13.37523,5.646872,6.054349,13.66993,5.326382,12.67856,5.69365,6.017953,5.121811,6.130878,5.999256,6.313507,6.212612,4.287291,3.0399,2.124894,2.875728,3.745054,3.754239,4.046442,4.264655,3.632844,4.838252,4.320147,5.563327,4.845582,4.040986,5.175162,4.674098,5.845209,4.949437,4.76128,2.770124,2.657652,3.090254,5.105053,4.353585,4.273124,3.909805,4.395693,15.73507,9.993791,17.95769,18.12157,19.71981,18.70218,26.36278,21.87071,24.78303,22.766,22.95928,18.27884,24.19502,19.91785,19.24273,21.90881,21.51369,19.60877,20.29858,20.11926,23.55032,28.56269,18.25242,18.3162,21.08444,20.9073,29.35312,29.68494,25.61357,24.48763,26.55132,25.37002,24.67668,22.72594,27.07914,24.96889,22.57491,24.70644,16.17321,15.64345,21.83042,21.7951,14.08885,4.578254,3.852306,3.922863,3.493033,4.912192
28.76404,27.22231,29.03135,16.91092,16.60237,16.75019,12.94238,9.948712,31.34899,1.980795,4.180962,13.13313,10.72178,33.92308,20.88066,19.81669,19.88508,19.25729,16.52021,17.02706,15.45589,9.071176,11.06104,20.11458,18.46904,21.04457,15.79947,16.46718,11.30573,13.32498,14.26124,13.74591,15.83893,15.35234,10.32365,12.56951,7.711453,10.94968,16.19222,16.81639,15.42239,15.48332,16.6265,21.49744,22.69597,22.74873,18.27029,6.207232,9.531719,6.850164,8.090365,6.158643,16.796,16.49902,15.43779,6.294183,12.94428,21.22112,13.66778,12.83765,14.92506,17.4685,14.02623,16.97299,14.37085,17.99408,14.743,16.71261,15.25056,17.93138,13.48254,19.95439,13.20863,20.74974,14.31272,17.6434,15.0345,18.57697,14.54747,19.92588,14.8165,16.56645,13.99453,9.932573,13.56366,12.87591,13.19852,15.55186,12.82014,14.5327,16.67865,15.00234,17.40399,15.71694,29.01076,15.59575,22.88921,29.92761,16.94076,18.15306,11.45383,33.48268,17.7401,20.23311,10.95267,27.82277,17.03548,19.50369,11.58431,33.7779,14.45562,18.34013,11.21889,30.65118,13.74471,19.51057,10.20798,15.33966,13.59473,13.31614,14.68527,16.12309,11.74271,15.28167,22.62988,14.71703,15.69291,22.79062,15.06696,15.50336,23.08531,14.7754,22.09395,15.14266,15.46697,14.57083,15.57989,15.44827,15.73359,15.6327,13.73631,12.46302,11.57391,12.32474,13.19407,13.20325,13.49546,13.71367,13.08186,14.47117,14.05857,15.30175,14.584,13.49,14.62418,14.12311,15.29422,14.39845,14.21029,12.71884,12.60637,12.53927,14.55407,13.8026,13.72214,13.35882,13.84471,25.18409,19.4428,27.4067,27.57059,29.16883,28.15119,35.81179,31.31973,34.23204,32.21502,32.40829,27.72786,33.64404,29.36686,28.69175,31.35783,30.9627,29.05778,29.74759,29.56827,32.99934,38.01171,27.70144,27.76521,30.53345,30.35631,38.80213,39.13396,35.06258,33.93664,36.00034,34.81904,34.1257,32.17495,36.52815,34.41792,32.02392,34.15545,25.62223,25.09247,31.27944,31.24412,23.53786,14.02727,13.30132,13.37188,12.94205,14.36121
28.62872,27.08699,28.89603,18.32782,18.01927,18.16709,14.35929,11.36561,1.980795,7.808285,2.200167,14.55003,12.13868,35.33998,22.29756,21.23359,21.30198,20.67419,17.93711,16.89174,15.32057,8.935852,10.92572,20.79806,19.15251,21.72805,17.21637,17.88408,12.72263,14.74188,15.67814,15.16281,17.25583,16.76925,10.18833,12.43419,9.128353,12.36658,17.60912,18.23329,16.83929,16.90022,18.0434,21.36211,22.56065,22.61341,19.68719,6.071909,9.396398,6.714842,7.955043,6.023321,18.2129,17.91592,16.85469,7.711083,14.36118,22.63802,15.08468,14.25455,16.34196,17.8575,15.44313,17.36199,15.78775,18.38309,16.1599,16.57729,16.66746,18.32038,14.89944,21.37129,14.62553,22.16665,15.72962,19.0603,16.4514,19.26045,15.96437,19.79055,16.23341,16.43113,15.41143,7.951778,14.98056,12.85494,14.61542,15.94087,14.23704,14.92171,17.36766,15.39135,18.093,16.10595,30.42766,16.39666,24.30611,31.34451,18.13246,19.56996,12.87073,34.89958,18.60547,21.65001,12.36957,29.23967,17.72449,20.9206,13.00121,35.1948,15.87252,19.75703,12.6358,32.06808,15.16161,20.92747,11.62488,16.16085,13.4594,14.73304,15.50646,15.98777,13.15961,16.08258,24.04678,16.13392,17.10981,24.20752,16.48386,16.92027,24.50221,16.1923,23.51085,16.55956,16.88387,15.98773,16.99679,16.86517,17.15049,17.0496,15.15321,13.87992,12.99081,13.74164,14.61097,14.62015,14.91236,15.13057,14.49876,15.18897,14.67087,15.91405,15.1963,14.9069,16.04108,15.54001,16.36204,15.81535,15.6272,13.12084,12.99537,13.95617,15.97097,15.2195,15.13904,14.77572,15.26161,25.88802,20.8597,28.8236,28.98749,30.58573,29.56809,37.22869,32.73663,35.64894,33.63192,33.8252,29.14476,35.06094,30.78376,30.10865,32.77473,32.3796,30.47468,31.1645,30.98517,34.41624,39.42861,29.11834,29.18212,31.95036,31.77322,40.21903,40.55086,36.47948,35.35355,37.41724,36.23594,35.5426,33.59185,37.94505,35.83481,33.44082,35.57235,27.03913,26.50937,32.69634,32.66102,24.95477,15.44417,14.44067,14.78878,14.35895,15.77811
30.82889,29.28715,31.0962,20.52799,20.21943,20.36725,16.55945,13.56578,4.180962,2.200167,24.8674,16.7502,14.33885,37.54015,24.49773,23.43376,23.50214,22.87436,20.13728,19.0919,17.52074,11.13602,13.12589,22.99823,21.35268,23.92822,19.41653,20.08425,14.9228,16.94204,17.87831,17.36298,19.456,18.96941,12.3885,14.63435,11.32852,14.56675,19.80928,20.43345,19.03946,19.10039,20.24357,23.56228,24.76082,24.81358,21.88736,8.272077,11.59656,8.915009,10.15521,8.223488,20.41307,20.11609,19.05486,9.91125,16.56135,24.83819,17.28484,16.45472,18.54213,20.05767,17.6433,19.56216,17.98792,20.58326,18.36007,18.77745,18.86762,20.52055,17.09961,23.57146,16.8257,24.36681,17.92979,21.26047,18.65157,21.46062,18.16453,21.99072,18.43357,18.63129,17.61159,6.084448,17.18073,15.05511,16.81559,18.14103,16.4372,17.12188,19.56783,17.59152,20.29317,18.30611,32.62783,18.59683,26.50628,33.54468,20.33263,21.77012,15.0709,37.09975,20.80564,23.85017,14.56974,31.43983,19.92466,23.12076,15.20138,37.39497,18.07268,21.95719,14.83596,34.26825,17.36177,23.12763,13.82505,18.36102,15.65957,16.9332,17.70663,18.18794,15.35978,18.28275,26.24694,18.33409,19.30997,26.40768,18.68402,19.12043,26.70238,18.39247,25.71101,18.75973,19.08404,18.18789,19.19696,19.06534,19.35066,19.24976,17.35337,16.08009,15.19098,15.94181,16.81114,16.82032,17.11252,17.33074,16.69893,17.38914,16.87103,18.11421,17.39647,17.10707,18.24125,17.74018,18.5622,18.01552,17.82736,15.32101,15.19554,16.15634,18.17113,17.41967,17.33921,16.97589,17.46177,28.08819,23.05987,31.02377,31.18765,32.7859,31.76826,39.42886,34.9368,37.84911,35.83208,36.02536,31.34492,37.2611,32.98393,32.30882,34.97489,34.57977,32.67485,33.36466,33.18534,36.61641,41.62877,31.3185,31.38228,34.15052,33.97338,42.4192,42.75102,38.67965,37.55371,39.6174,38.4361,37.74277,35.79202,40.14522,38.03498,35.64099,37.77252,29.2393,28.70953,34.8965,34.86118,27.15493,17.64434,16.64084,16.98895,16.55911,17.97828
26.85657,25.31483,27.12388,11.19225,10.88369,11.03152,7.423646,8.525379,13.13313,14.55003,16.7502,30.7049,7.145263,30.49103,15.28145,14.21748,14.28586,13.65808,10.80223,17.61477,15.92266,14.6366,18.07833,17.35499,15.70945,18.28498,16.60066,16.82882,11.57721,7.852312,8.661484,8.146151,4.64334,5.767978,12.11334,12.09505,9.697042,12.88826,10.59301,11.21718,9.823184,9.884109,11.02729,19.58996,20.7885,20.84126,12.55231,17.72266,19.34959,17.76903,16.54371,17.85992,11.41453,11.19275,10.05631,13.42961,8.832543,12.8804,10.22162,8.725913,11.493,16.03983,10.59417,15.54432,10.93879,16.56541,11.31095,17.02008,11.8185,16.50271,8.927605,14.23641,8.746748,15.03176,9.214671,14.21134,9.653359,15.81738,9.974205,18.0184,10.23872,17.03321,9.439592,21.08683,8.130344,11.45258,8.634836,13.57156,8.274931,13.10404,13.91906,13.57368,14.6444,14.28827,23.62928,12.83616,19.45715,24.54613,13.51878,13.28092,5.931846,28.1012,14.31812,14.85163,5.49693,22.44129,14.27589,14.12221,6.573409,28.39642,11.69602,12.95865,7.5899,25.2697,10.98512,14.12909,7.19176,12.58007,15.48329,9.388083,11.92568,15.32799,6.434542,12.52208,16.91189,9.117816,11.23103,17.07263,9.467747,11.10388,17.36733,10.31352,16.37596,10.68078,10.75634,10.10895,10.74075,10.3318,10.13438,10.03349,9.915349,7.908083,9.257997,8.999432,10.43448,10.44366,10.34793,10.72794,10.16839,11.71158,11.29898,12.54216,11.82441,10.73041,11.20219,11.36352,12.11472,11.63886,11.4507,11.29017,11.1777,9.779677,10.09219,9.34072,9.260259,8.896939,9.382827,21.75203,15.939,23.9029,24.06678,25.66502,24.64739,32.37973,27.88767,28.85056,26.83354,27.02682,24.2958,28.26256,23.98538,23.31027,25.97635,25.58122,23.6763,24.36612,24.18679,28.17196,33.71933,22.31996,22.38374,25.15198,24.97484,33.69069,34.27437,29.6811,28.55516,30.61886,29.43756,28.74422,26.79347,31.14667,29.03643,26.64244,28.77397,20.24075,19.71099,25.89796,25.86264,20.03406,9.82648,10.54173,10.61229,9.659399,9.961719
23.25571,21.71398,23.52302,10.55047,10.24192,10.38974,6.581935,3.588264,10.72178,12.13868,14.33885,7.145263,18.65185,27.56263,14.52021,13.45624,13.52463,12.89684,10.15976,12.67765,10.98794,9.699479,13.14122,13.75413,12.10859,14.68412,18.50465,19.17236,12.40525,6.964527,7.900794,7.38546,6.354556,5.607553,7.176224,7.157932,6.308527,7.861344,9.831767,10.45594,9.061944,9.122869,10.26605,15.9891,17.18764,17.2404,11.90984,12.78554,14.41248,12.83191,11.6066,12.92281,10.43555,10.13857,9.077339,8.303915,13.39143,14.86067,7.307326,13.2848,8.564611,11.10805,7.665782,10.61254,8.010402,11.63363,8.382553,12.08829,8.890108,11.57093,7.122089,13.59394,6.848179,14.3893,7.952272,11.28295,8.674054,12.21652,8.187017,14.41754,8.456055,12.09849,7.634078,18.67548,7.203209,6.51546,6.83807,9.191408,6.459689,8.172251,10.3182,8.641895,11.04354,9.356487,22.65031,9.235301,16.52876,23.56716,10.58031,11.79261,10.49073,27.12223,11.37966,13.87266,10.05581,21.46232,10.67503,13.14324,11.13229,27.41745,8.095165,11.97968,9.168047,24.29073,7.384258,13.15012,11.3075,8.979209,10.54617,13.94697,8.324821,10.39327,10.99342,8.921223,16.26943,8.356576,9.332459,16.43017,8.706508,9.142916,16.72486,8.414948,15.7335,8.782216,9.106519,8.210377,9.219443,9.087822,9.373142,9.272248,7.375857,6.102568,5.21346,5.964294,6.833621,6.842804,7.135007,7.35322,6.72141,8.110719,7.698119,8.941298,8.223554,7.129551,8.263728,7.762664,8.933774,8.038002,7.849845,6.358387,6.245916,6.17882,8.193619,7.442151,7.36169,6.998371,7.484258,18.82364,13.08236,21.04625,21.21014,22.80838,21.79074,29.45134,24.95928,27.8716,25.85457,26.04784,21.36741,27.28359,23.00641,22.3313,24.99738,24.60225,22.69733,23.38715,23.20782,26.63889,31.65126,21.34099,21.40477,24.17301,23.99587,32.44168,32.77351,28.70213,27.57619,29.63989,28.45859,27.76525,25.8145,30.1677,28.05746,25.66347,27.795,19.26178,18.73202,24.91899,24.88367,17.17742,7.66682,6.940872,7.011429,6.581598,8.000757
15.65909,18.25316,28.10013,28.41904,28.11049,28.25831,25.49557,24.47407,33.92308,35.33998,37.54015,30.49103,27.56263,21.24929,28.73672,27.67275,27.74113,27.11335,27.25643,26.3684,23.94579,29.03111,29.03159,22.10666,23.58204,21.04925,42.08757,42.31573,39.96789,24.01919,24.6212,24.10587,28.39212,29.06127,26.50785,26.39973,29.50983,28.81186,24.04827,24.67244,23.27845,23.34371,24.48256,22.93797,23.85838,23.78263,29.76321,32.11717,29.41383,32.16354,30.93823,32.25443,21.83389,21.50062,20.5308,31.50522,34.31302,32.72924,20.57199,34.20639,19.92613,24.97649,19.89685,25.00627,19.55223,24.17854,19.74401,23.55524,19.98009,23.99737,22.77875,31.44731,22.16744,32.24266,22.87694,20.16724,22.99235,21.834,23.05165,21.36642,23.13216,21.22384,23.2794,41.87679,22.95367,25.74799,22.56624,24.2155,22.3449,26.09261,22.46509,26.09395,22.44426,25.01704,34.04865,21.8048,18.38686,34.9655,21.97092,18.91518,31.41876,31.89047,21.58358,25.271,30.98384,32.86066,22.20628,24.54158,32.06032,30.91648,21.63069,23.37801,33.07681,35.68907,22.3416,24.54845,32.67867,21.29502,25.54753,34.87499,21.33708,25.17118,31.92145,21.93931,32.54004,22.75899,22.26661,33.69637,22.20226,22.87142,33.99107,22.25141,32.00411,22.46154,22.35868,21.37772,22.1611,22.68817,22.49075,22.38985,21.15943,23.45425,22.34917,23.02683,22.07359,21.58454,21.04279,21.27956,21.1497,21.65457,22.17268,22.15226,22.46835,22.42973,21.00192,21.6865,20.63084,21.40577,21.88157,23.69203,24.01837,21.79983,21.97876,21.79366,21.39026,21.83141,21.65897,13.97935,16.10793,22.35866,22.52254,24.12078,23.10314,4.106695,4.275634,39.26993,37.25291,37.44618,7.436266,38.68193,34.40475,33.72964,36.39571,36.00059,34.09567,34.78548,34.60616,27.95129,32.96366,32.73933,32.8031,35.57134,35.3942,33.75408,34.08591,40.10047,38.97453,41.03823,39.85692,39.16359,31.08313,33.39111,30.72342,28.88688,30.73269,30.66012,30.13035,36.31732,36.28201,18.48982,21.39532,22.8232,22.31161,21.64887,21.72926
25.12841,26.63766,28.4467,13.19308,12.88453,13.03235,11.29711,11.46058,20.88066,22.29756,24.49773,15.28145,14.52021,28.73672,34.83388,1.063971,1.469192,1.623373,7.655928,20.53543,18.84309,17.57179,21.01285,17.68661,17.03227,18.55214,26.87483,27.10299,25.13842,8.923276,9.390691,8.875357,13.39048,14.05963,15.04854,15.02956,16.46741,15.82346,5.664153,5.7289,6.428887,6.373924,4.661319,20.91279,22.11132,22.16408,10.28514,20.65786,22.28411,20.70423,19.47891,20.79512,8.502431,9.417611,8.281173,18.4628,19.08706,17.39365,10.98484,18.98043,11.56187,18.06976,11.3574,17.57425,11.70201,18.59534,11.98606,19.05,11.41967,18.53264,8.923745,15.19726,9.532267,15.05459,7.800747,14.21055,8.233541,15.87731,8.560281,19.34123,8.824798,19.0631,8.384345,28.83437,9.464431,14.38709,9.207986,14.89438,9.429075,15.13396,15.24189,15.60361,15.76141,16.3182,13.72566,14.04685,17.70284,14.64251,14.21297,11.51243,16.20889,18.19758,15.01231,9.202281,15.77397,12.53767,15.52343,8.900176,16.85045,18.4928,13.01885,7.282017,17.86694,15.36608,12.30794,9.015277,17.4688,13.53707,18.4178,19.66226,13.24851,18.24842,16.71158,13.84491,9.611336,7.697998,10.09825,12.71373,8.047929,10.96439,11.58613,10.70111,8.404497,10.29318,9.000031,9.137289,8.984434,8.575489,8.37807,8.277174,11.07011,10.52176,10.58082,10.56819,11.7573,11.54131,11.11115,11.49116,11.10647,13.0344,12.6218,13.86498,13.14724,12.05324,11.96541,12.25574,12.87289,12.50628,12.34292,12.73338,13.05972,11.1025,9.810405,9.776763,10.16758,9.744264,10.29014,19.99772,14.17052,20.0095,19.20505,18.07482,19.14746,30.62543,26.13337,18.94695,16.92992,13.9143,22.54149,18.35894,14.08176,13.40665,16.07273,15.6776,13.77268,14.4625,14.28317,18.3015,23.84887,9.207438,9.271219,12.37755,14.02869,23.82023,24.40391,19.77748,18.65154,20.71524,19.53394,18.8406,16.88985,21.27621,19.16598,16.77198,18.90352,8.455778,9.840528,12.78544,12.75012,18.26558,10.52868,11.86456,11.93511,10.87837,10.52186
24.06444,25.57369,27.38273,12.12911,11.82055,11.96838,10.23314,10.39661,19.81669,21.23359,23.43376,14.21748,13.45624,27.67275,1.063971,4.331285,0.6105066,0.5594019,6.591957,19.47145,17.77912,16.50782,19.94888,16.62264,15.9683,17.48817,25.81086,26.03902,24.07445,7.859305,8.326719,7.811386,12.32651,12.99566,13.98457,13.96559,15.40344,14.75949,4.600183,4.664929,5.364916,5.309953,3.597348,19.84881,21.04735,21.10011,9.221168,19.59389,21.22014,19.64025,18.41494,19.73115,7.700943,8.353641,7.217202,17.39883,18.02309,16.32968,9.92087,17.91646,10.4979,17.00579,10.29342,16.51028,10.63804,17.53137,10.92209,17.98603,10.35571,17.46867,7.859775,14.13329,8.468296,13.99062,6.736776,13.14658,7.169571,14.81333,7.49631,18.27726,7.760828,17.99913,7.320374,27.7704,8.400461,13.32312,8.144014,13.83041,8.365105,14.06999,14.17792,14.53964,14.69744,15.25423,14.78963,12.98288,16.63887,15.70648,13.149,10.44846,15.14491,19.26155,13.94834,8.400793,14.71,13.60164,14.45946,8.098689,15.78648,19.55677,11.95488,6.480529,16.80297,16.43005,11.24397,8.213788,16.40483,12.4731,17.35383,18.59829,12.18453,17.18445,15.64761,12.78094,8.798965,6.634027,9.034281,11.90136,6.983958,9.900416,10.77376,9.637141,7.592125,9.229212,7.93606,8.073318,7.920464,7.511518,7.314099,7.213204,10.00614,9.457787,9.51685,9.504218,10.69333,10.47734,10.04718,10.42719,10.0425,11.97043,11.55783,12.80101,12.08327,10.98926,10.90144,11.19177,11.80892,11.44231,11.27895,11.66941,11.99575,10.03853,8.746434,8.712793,9.103604,8.680292,9.226173,18.93375,13.10655,21.07044,20.26902,19.13879,20.21144,29.56145,25.0694,20.01092,17.99389,14.97827,21.47752,19.42291,15.14573,14.47062,17.1367,16.74157,14.83666,15.52647,15.34714,19.36547,24.91284,10.27141,10.33519,13.44152,15.09266,24.8842,25.46788,20.84145,19.71552,21.77921,20.59791,19.90457,17.95382,22.34019,20.22995,17.83595,19.96749,9.51975,10.9045,13.84941,13.81409,17.20161,9.464705,10.80058,10.87114,9.814398,9.457885
24.13283,25.64207,27.45112,12.06978,11.76122,11.90904,10.30152,10.46499,19.88508,21.30198,23.50214,14.28586,13.52463,27.74113,1.469192,0.6105066,4.393078,0.6277869,6.488685,19.53984,17.84751,16.57621,20.01726,16.69103,16.03669,17.55656,25.87925,26.10741,24.14283,7.927691,8.395104,7.87977,12.39489,13.06404,14.05295,14.03398,15.47182,14.82787,4.668567,4.733314,5.433301,5.378338,3.665733,19.9172,21.11574,21.1685,9.117896,19.66227,21.28852,19.70864,18.48332,19.79953,8.055534,8.422026,7.285587,17.46721,18.09148,16.2264,9.989254,17.98485,10.56629,17.07417,10.36181,16.57866,10.70643,17.59976,10.99048,18.05442,10.42409,17.53705,7.92816,14.03002,8.53668,13.88735,6.805161,13.21496,7.237956,14.88172,7.564694,18.34564,7.829212,18.06751,7.38876,27.83878,8.468845,13.3915,8.212399,13.8988,8.43349,14.13838,14.2463,14.60802,14.76582,15.32261,15.19485,13.05126,16.70726,16.11171,13.21739,10.51685,15.2133,19.66677,14.01673,8.755384,14.77838,14.00686,14.52784,8.45328,15.85486,19.96199,12.02326,6.835121,16.87135,16.83527,11.31236,8.56838,16.47321,12.54148,17.42222,18.66667,12.25292,17.25284,15.71599,12.84932,8.42864,6.702412,9.102667,11.53103,7.052343,9.968801,10.40343,9.705527,7.2218,9.297597,8.004445,8.141704,7.988849,7.579903,7.382484,7.281589,10.07453,9.526172,9.585235,9.572603,10.76172,10.54573,10.11557,10.49558,10.11088,12.03882,11.62622,12.8694,12.15165,11.05765,10.96983,11.26015,11.87731,11.51069,11.34734,11.7378,12.06413,10.10692,8.814818,8.781178,9.171989,8.748677,9.294559,19.00214,13.17493,21.13883,20.67424,19.54402,20.61666,29.62984,25.13778,20.41614,18.39911,15.38349,21.54591,19.82813,15.55096,14.87584,17.54192,17.14679,15.24188,15.93169,15.75236,19.77069,25.31806,10.67663,10.74041,13.84675,15.49788,25.28942,25.8731,21.24668,20.12074,22.18443,21.00313,20.30979,18.35905,22.74541,20.63517,18.24117,20.37271,9.92497,11.30972,14.25463,14.21931,17.26999,9.53309,10.86897,10.93953,9.882783,9.52627
23.50504,25.01429,26.82333,11.56971,11.26115,11.40897,9.673734,9.837203,19.25729,20.67419,22.87436,13.65808,12.89684,27.11335,1.623373,0.5594019,0.6277869,16.95533,6.106495,18.91205,17.21972,15.94842,19.38947,16.06324,15.4089,16.92877,25.25146,25.47962,23.51505,7.299904,7.767318,7.251984,11.76711,12.43626,13.42516,13.40619,14.84404,14.20009,4.040781,4.105527,4.805514,4.750551,3.037946,19.28941,20.48795,20.54071,8.735706,19.03448,20.66073,19.08085,17.85554,19.17175,7.919631,7.794239,6.6578,16.83942,17.46369,15.84421,9.361467,17.35706,9.938498,16.44639,9.734022,15.95088,10.07864,16.97197,10.36269,17.42663,9.796303,16.90927,7.300373,13.64783,7.908894,13.50516,6.177374,12.58718,6.610169,14.25393,6.936908,17.71785,7.201426,17.43972,6.760973,27.21099,7.841059,12.76372,7.584613,13.27101,7.805703,13.51059,13.61851,13.98023,14.13803,14.69483,15.34903,12.42348,16.07947,16.26589,12.5896,9.889061,14.58551,19.82096,13.38894,8.619482,14.1506,14.16104,13.90006,8.317377,15.22707,20.11617,11.39548,6.699218,16.24357,16.98945,10.68457,8.432477,15.84543,11.9137,16.79443,18.03889,11.62513,16.62505,15.08821,12.22153,8.542652,6.074625,8.474879,11.64505,6.424556,9.341015,10.51744,9.07774,7.335813,8.669809,7.376658,7.513916,7.361062,6.952116,6.754697,6.653802,9.446738,8.898384,8.957449,8.944817,10.13393,9.91794,9.48778,9.867788,9.483095,11.41103,10.99843,12.24161,11.52386,10.42986,10.34204,10.63237,11.24952,10.88291,10.71955,11.11001,11.43634,9.479131,8.187032,8.153391,8.544202,8.120891,8.666771,18.37435,12.54714,20.51104,20.67492,19.6982,20.77084,29.00205,24.50999,20.57032,18.55329,15.53767,20.91812,19.98232,15.70514,15.03002,17.6961,17.30097,15.39606,16.08587,15.90654,19.92488,25.47224,10.83081,10.89459,14.00093,15.65207,25.4436,26.02728,21.40086,20.27492,22.33861,21.15731,20.46397,18.51323,22.89959,20.78935,18.39536,20.52689,10.07915,11.4639,14.40881,14.37349,16.6422,8.905303,10.24118,10.31174,9.254995,8.898483
23.64812,23.75978,25.56883,5.791941,5.483384,5.631205,6.936658,7.104828,16.52021,17.93711,20.13728,10.80223,10.15976,27.25643,7.655928,6.591957,6.488685,6.106495,19.78539,16.17968,14.48734,13.21604,16.6571,15.7997,14.1544,16.66523,22.39527,22.62343,20.65886,5.371617,3.822645,4.093454,8.911257,9.580408,10.69279,10.67381,12.10696,11.46771,5.070259,3.47038,5.549771,5.265137,4.652213,18.03491,19.23345,19.28621,3.666432,16.30211,17.92836,16.34848,15.12316,16.43937,8.159099,7.937322,6.800883,14.10235,14.6075,9.94857,8.333912,14.50087,9.605296,14.60451,8.706467,14.10901,9.051085,15.1301,9.423238,15.58476,9.930792,15.0674,6.703452,8.65481,6.725905,9.450162,6.316121,12.32363,6.748915,13.99039,7.075654,16.46335,7.340172,15.5979,6.899719,24.47392,5.64965,10.03134,6.154141,12.01651,6.551201,11.66872,12.36401,12.13836,13.08935,12.85296,20.37386,11.28111,16.22256,21.29071,11.63107,10.03214,11.72932,24.84578,12.43041,11.5962,11.29441,19.18586,12.72084,10.86679,12.37089,25.14099,10.14097,9.703221,13.38738,22.01427,9.430066,10.87366,12.98924,10.89119,14.06206,15.1827,10.37063,13.89268,12.23202,10.96703,7.910407,6.213371,8.617962,9.066738,6.563302,9.216168,9.361433,8.425809,7.374477,8.793077,7.519742,7.657,7.504145,7.095199,6.89778,6.796885,8.256442,6.415757,7.702946,7.507105,8.879429,8.869915,8.460224,8.840233,8.455539,10.15653,9.743928,10.98711,10.26936,9.17536,9.314486,9.604811,10.22701,9.855349,9.691993,9.854855,9.742384,8.224627,8.181887,7.430419,7.372551,6.949238,7.495119,18.51744,12.69023,20.65413,20.81801,22.41625,21.39861,29.14514,24.65308,25.59514,23.57811,21.57023,21.0612,25.00714,20.72996,20.05484,22.72092,22.32579,20.42088,21.11069,20.93137,24.91653,30.4639,16.4932,16.92715,20.03348,21.68462,30.43526,31.01894,26.42568,25.29974,27.36343,26.18213,25.48879,23.53805,27.89124,25.78101,23.38701,25.51855,16.11171,16.45556,18.44019,19.43194,16.78529,7.938772,8.986681,9.057238,8.000493,8.074011
17.32366,15.78193,17.59098,16.58347,16.27491,16.42273,12.61932,9.089391,17.02706,16.89174,19.0919,17.61477,12.67765,26.3684,20.53543,19.47145,19.53984,18.91205,16.17968,30.80371,3.677576,11.53156,8.268366,14.16309,14.51997,13.10568,29.21131,29.43947,25.08291,12.97974,13.91601,13.40067,15.51586,16.18501,9.008305,7.563424,14.62485,11.946,15.84698,16.47115,15.07716,15.13808,16.28127,10.05706,11.2556,11.30835,17.92975,11.74901,8.650606,11.74913,13.43868,13.55769,15.05317,14.75619,13.69495,16.62024,21.4432,20.89367,11.62883,21.33657,12.88612,7.698093,11.98729,7.619564,12.33191,8.354578,12.70406,6.276834,13.21161,8.650418,12.29456,19.61386,11.97939,20.40921,13.12474,15.10369,13.71954,14.6279,13.35949,8.30285,13.62852,6.063221,12.80655,24.84352,12.39796,6.162194,12.01054,10.73421,11.5909,8.840067,12.73511,9.416831,13.46045,9.122106,27.26793,11.76411,13.36125,28.18478,13.49991,16.11411,18.5425,31.73984,13.97292,18.49027,18.10759,26.07993,13.09194,17.76086,19.18406,32.03506,11.82267,16.59729,20.20056,28.90834,11.24913,17.76773,19.80242,11.5283,4.7843,21.99874,10.87391,5.928235,19.0452,11.45003,22.28934,14.2257,13.95007,22.45008,14.57563,13.46442,22.74477,12.83807,21.75341,13.20534,13.72413,12.82799,13.83706,13.70543,14.46257,14.42694,11.69736,12.11475,10.78835,11.466,11.02282,11.13059,11.45651,11.67472,11.04291,10.55642,10.03832,11.2815,10.56375,10.60259,12.49268,12.03704,11.72949,12.31238,11.95471,8.488296,8.35494,10.32592,12.81123,12.38032,11.97692,12.12958,12.24563,14.60146,17.29538,24.10121,24.26509,25.86334,24.8457,28.25711,23.76505,32.48921,30.47218,30.66546,20.17317,31.9012,27.62403,26.94891,29.61499,29.21986,27.31495,28.00476,27.82544,29.69385,34.70622,25.9586,26.02238,28.79062,28.61348,35.49664,35.82847,33.31974,32.19381,34.2575,33.0762,32.38286,30.43212,34.78531,32.46598,30.28108,32.41262,23.87939,23.34963,29.5366,29.50128,20.23237,11.98832,9.808123,10.63627,11.14706,12.32226
